 1     3      4      4   13      3   7 
 2     4      4      4   20      2   12 
 3     3      3      3   9      3   7 
 4     3      4      4   18      2   11 
 5     4      3      4   16      2   15 
 6     2      3      3   11      3   14 
 7     2      4      4   17      3   11 
 8     4      4      2   14      4   19 
 9     2      3      3   18      2   19 
 10     3      3      3   19      3   17 
 11     2      4      4   11      3   8 
 12     4      4      4   17      2   13 
 13     3      4      2   15      2   13 
 14     3      4      3   18      4   16 
 15     4      4      4   5      3   15 
 16     2      3      3   13      2   20 
 17     3      3      2   7      2   9 
 18     4      3      4   15      3   12 
 19     3      4      4   18      3   8 
 20     4      4      2   7      4   13 
 21     3      4      4   5      4   8 
 22     2      3      2   14      3   8 
 23     2      4      2   15      3   16 
 24     3      4      4   18      3   13 
 25     2      4      4   15      2   20 
 26     2      4      3   17      4   20 
 27     3      3      3   17      2   13 
 28     3      3      3   15      2   8 
 29     4      3      4   19      4   12 
 30     4      4      4   14      2   16 
